run_1,run_2,run_3,run_4,run_5,run_6,run_7,run_8,run_9,run_10,run_11,run_12,run_13,run_14,run_15,run_16,run_17,run_18,run_19,run_20,run_21,run_22,run_23,run_24,run_25,run_26,run_27,run_28,run_29,run_30,run_31,run_32,run_33,run_34,run_35,run_36,run_37,run_38,run_39,run_40,run_41,run_42,run_43,run_44,run_45,run_46,run_47,run_48,run_49,run_50
30,28,26,26,24,22,19,17,15,14,12,10,7,5,3,3,1,29,27,25,23,20,20,18,16,14,12,9,9,7,5,3,1,29,28,26,24,21,19,17,17,15,13,10,8,6,6,4,2,30
1,29,27,27,25,23,20,18,16,15,13,11,8,6,4,4,2,30,28,26,24,21,21,19,17,15,13,10,10,8,6,4,2,30,29,27,25,22,20,18,18,16,14,11,9,7,7,5,3,31
2,30,28,28,26,24,21,19,17,16,14,12,9,7,5,5,3,1,29,27,25,22,22,20,18,16,14,11,11,9,7,5,3,31,30,28,26,23,21,19,19,17,15,12,10,8,8,6,4,1
3,1,29,29,27,25,22,20,18,17,15,13,10,8,6,6,4,2,30,28,26,23,23,21,19,17,15,12,12,10,8,6,4,1,31,29,27,24,22,20,20,18,16,13,11,9,9,7,5,2
4,2,30,30,28,26,23,21,19,18,16,14,11,9,7,7,5,3,31,29,27,24,24,22,20,18,16,13,13,11,9,7,5,2,1,30,28,25,23,21,21,19,17,14,12,10,10,8,6,3
5,3,31,31,29,27,24,22,20,19,17,15,12,10,8,8,6,4,1,30,28,25,25,23,21,19,17,14,14,12,10,8,6,3,2,31,29,26,24,22,22,20,18,15,13,11,11,9,7,4
6,4,1,1,30,28,25,23,21,20,18,16,13,11,9,9,7,5,2,31,29,26,26,24,22,20,18,15,15,13,11,9,7,4,3,1,30,27,25,23,23,21,19,16,14,12,12,10,8,5
7,5,2,2,31,29,26,24,22,21,19,17,14,12,10,10,8,6,3,1,30,27,27,25,23,21,19,16,16,14,12,10,8,5,4,2,31,28,26,24,24,22,20,17,15,13,13,11,9,6
8,6,3,3,1,30,27,25,23,22,20,18,15,13,11,11,9,7,4,2,31,28,28,26,24,22,20,17,17,15,13,11,9,6,5,3,1,29,27,25,25,23,21,18,16,14,14,12,10,7
9,7,4,4,2,31,28,26,24,23,21,19,16,14,12,12,10,8,5,3,1,1,29,27,25,23,21,18,18,16,14,12,10,7,6,4,2,30,28,26,26,24,22,19,17,15,15,13,11,8
10,8,5,5,3,1,29,27,25,24,22,20,17,15,13,13,11,9,6,4,2,2,30,28,26,24,22,19,19,17,15,13,11,8,7,5,3,1,29,27,27,25,23,20,18,16,16,14,12,9
11,9,6,6,4,2,30,28,26,25,23,21,18,16,14,14,12,10,7,5,3,3,1,29,27,25,23,20,20,18,16,14,12,9,8,6,4,2,30,28,28,26,24,21,19,17,17,15,13,10
12,10,7,7,5,3,1,29,27,26,24,22,19,17,15,15,13,11,8,6,4,4,2,30,28,26,24,21,21,19,17,15,13,10,9,7,5,3,1,29,29,27,25,22,20,18,18,16,14,11
13,11,8,8,6,4,2,30,28,27,25,23,20,18,16,16,14,12,9,7,5,5,3,1,29,27,25,22,22,20,18,16,14,11,10,8,6,4,2,30,30,28,26,23,21,19,19,17,15,12
14,12,9,9,7,5,3,1,29,28,26,24,21,19,17,17,15,13,10,8,6,6,4,2,30,28,26,23,23,21,19,17,15,12,11,9,7,5,3,31,31,29,27,24,22,20,20,18,16,13
15,13,10,10,8,6,4,2,30,29,27,25,22,20,18,18,16,14,11,9,7,7,5,3,31,29,27,24,24,22,20,18,16,13,12,10,8,6,4,1,1,30,28,25,23,21,21,19,17,14
16,14,11,11,9,7,5,3,31,30,28,26,23,21,19,19,17,15,12,10,8,8,6,4,1,30,28,25,25,23,21,19,17,14,13,11,9,7,5,2,2,31,29,26,24,22,22,20,18,15
17,15,12,12,10,8,6,4,1,31,29,27,24,22,20,20,18,16,13,11,9,9,7,5,2,31,29,26,26,24,22,20,18,15,14,12,10,8,6,3,3,1,30,27,25,23,23,21,19,16
18,16,13,13,11,9,7,5,2,1,30,28,25,23,21,21,19,17,14,12,10,10,8,6,3,1,30,27,27,25,23,21,19,16,15,13,11,9,7,4,4,2,31,28,26,24,24,22,20,17
19,17,14,14,12,10,8,6,3,2,31,29,26,24,22,22,20,18,15,13,11,11,9,7,4,2,31,28,28,26,24,22,20,17,16,14,12,10,8,5,5,3,1,29,27,25,25,23,21,18
20,18,15,15,13,11,9,7,4,3,1,30,27,25,23,23,21,19,16,14,12,12,10,8,5,3,1,1,29,27,25,23,21,18,17,15,13,11,9,6,6,4,2,30,28,26,26,24,22,19
21,19,16,16,14,12,10,8,5,4,2,31,28,26,24,24,22,20,17,15,13,13,11,9,6,4,2,2,30,28,26,24,22,19,18,16,14,12,10,7,7,5,3,1,29,27,27,25,23,20
22,20,17,17,15,13,11,9,6,5,3,1,29,27,25,25,23,21,18,16,14,14,12,10,7,5,3,3,1,29,27,25,23,20,19,17,15,13,11,8,8,6,4,2,30,28,28,26,24,21
23,21,18,18,16,14,12,10,7,6,4,2,30,28,26,26,24,22,19,17,15,15,13,11,8,6,4,4,2,30,28,26,24,21,20,18,16,14,12,9,9,7,5,3,1,29,29,27,25,22
24,22,19,19,17,15,13,11,8,7,5,3,1,29,27,27,25,23,20,18,16,16,14,12,9,7,5,5,3,1,29,27,25,22,21,19,17,15,13,10,10,8,6,4,2,30,30,28,26,23
25,23,20,20,18,16,14,12,9,8,6,4,2,30,28,28,26,24,21,19,17,17,15,13,10,8,6,6,4,2,30,28,26,23,22,20,18,16,14,11,11,9,7,5,3,31,31,29,27,24
26,24,21,21,19,17,15,13,10,9,7,5,3,1,29,29,27,25,22,20,18,18,16,14,11,9,7,7,5,3,31,29,27,24,23,21,19,17,15,12,12,10,8,6,4,1,1,30,28,25
27,25,22,22,20,18,16,14,11,10,8,6,4,2,30,30,28,26,23,21,19,19,17,15,12,10,8,8,6,4,1,30,28,25,24,22,20,18,16,13,13,11,9,7,5,2,2,31,29,26
28,26,23,23,21,19,17,15,12,11,9,7,5,3,31,31,29,27,24,22,20,20,18,16,13,11,9,9,7,5,2,31,29,26,25,23,21,19,17,14,14,12,10,8,6,3,3,1,30,27
29,27,24,24,22,20,18,16,13,12,10,8,6,4,1,1,30,28,25,23,21,21,19,17,14,12,10,10,8,6,3,1,30,27,26,24,22,20,18,15,15,13,11,9,7,4,4,2,31,28
30,28,25,25,23,21,19,17,14,13,11,9,7,5,2,2,31,29,26,24,22,22,20,18,15,13,11,11,9,7,4,2,31,28,27,25,23,21,19,16,16,14,12,10,8,5,5,3,1,29
31,29,26,26,24,22,20,18,15,14,12,10,8,6,3,3,1,30,27,25,23,23,21,19,16,14,12,12,10,8,5,3,1,29,28,26,24,22,20,17,17,15,13,11,9,6,6,4,2,30
1,30,27,27,25,23,21,19,16,15,13,11,9,7,4,4,2,31,28,26,24,24,22,20,17,15,13,13,11,9,6,4,2,1,29,27,25,23,21,18,18,16,14,12,10,7,7,5,3,30
2,31,28,28,26,24,22,20,17,16,14,12,10,8,5,5,3,1,29,27,25,25,23,21,18,16,14,14,12,10,7,5,3,2,30,28,26,24,22,19,19,17,15,13,11,8,8,6,4,1
3,1,1,29,27,25,23,21,18,17,15,13,11,9,6,6,4,2,30,28,26,26,24,22,19,17,15,15,13,11,8,6,4,3,1,29,27,25,23,20,20,18,16,14,12,9,9,7,5,2
4,2,2,30,28,26,24,22,19,18,16,14,12,10,7,7,5,3,1,29,27,27,25,23,20,18,16,16,14,12,9,7,5,4,2,30,28,26,24,21,21,19,17,15,13,10,10,8,6,3
5,3,3,1,29,27,25,23,20,19,17,15,13,11,8,8,6,4,2,30,28,28,26,24,21,19,17,17,15,13,10,8,6,5,3,1,29,27,25,22,22,20,18,16,14,11,11,9,7,4
6,4,4,2,30,28,26,24,21,20,18,16,14,12,9,9,7,5,3,1,29,29,27,25,22,20,18,18,16,14,11,9,7,6,4,2,30,28,26,23,23,21,19,17,15,12,12,10,8,5
7,5,5,3,1,29,27,25,22,21,19,17,15,13,10,10,8,6,4,2,30,30,28,26,23,21,19,19,17,15,12,10,8,7,5,3,31,29,27,24,24,22,20,18,16,13,13,11,9,6
8,6,6,4,2,30,28,26,23,22,20,18,16,14,11,11,9,7,5,3,31,31,29,27,24,22,20,20,18,16,13,11,9,8,6,4,1,30,28,25,25,23,21,19,17,14,14,12,10,7
9,7,7,5,3,31,29,27,24,23,21,19,17,15,12,12,10,8,6,4,1,1,30,28,25,23,21,21,19,17,14,12,10,9,7,5,2,31,29,26,26,24,22,20,18,15,15,13,11,8
10,8,8,6,4,1,30,28,25,24,22,20,18,16,13,13,11,9,7,5,2,2,31,29,26,24,22,22,20,18,15,13,11,10,8,6,3,1,30,27,27,25,23,21,19,16,16,14,12,9
11,9,9,7,5,2,31,29,26,25,23,21,19,17,14,14,12,10,8,6,3,3,1,30,27,25,23,23,21,19,16,14,12,11,9,7,4,2,31,28,28,26,24,22,20,17,17,15,13,10
12,10,10,8,6,3,1,30,27,26,24,22,20,18,15,15,13,11,9,7,4,4,2,31,28,26,24,24,22,20,17,15,13,12,10,8,5,3,1,1,29,27,25,23,21,18,18,16,14,11
13,11,11,9,7,4,2,31,28,27,25,23,21,19,16,16,14,12,10,8,5,5,3,1,29,27,25,25,23,21,18,16,14,13,11,9,6,4,2,2,30,28,26,24,22,19,19,17,15,12
14,12,12,10,8,5,3,1,29,28,26,24,22,20,17,17,15,13,11,9,6,6,4,2,30,28,26,26,24,22,19,17,15,14,12,10,7,5,3,3,1,29,27,25,23,20,20,18,16,13
15,13,13,11,9,6,4,2,1,29,27,25,23,21,18,18,16,14,12,10,7,7,5,3,1,29,27,27,25,23,20,18,16,15,13,11,8,6,4,4,2,30,28,26,24,21,21,19,17,14
16,14,14,12,10,7,5,3,2,30,28,26,24,22,19,19,17,15,13,11,8,8,6,4,2,30,28,28,26,24,21,19,17,16,14,12,9,7,5,5,3,1,29,27,25,22,22,20,18,15
17,15,15,13,11,8,6,4,3,1,29,27,25,23,20,20,18,16,14,12,9,9,7,5,3,1,29,29,27,25,22,20,18,17,15,13,10,8,6,6,4,2,30,28,26,23,23,21,19,16
18,16,16,14,12,9,7,5,4,2,30,28,26,24,21,21,19,17,15,13,10,10,8,6,4,2,30,30,28,26,23,21,19,18,16,14,11,9,7,7,5,3,31,29,27,24,24,22,20,17
19,17,17,15,13,10,8,6,5,3,1,29,27,25,22,22,20,18,16,14,11,11,9,7,5,3,31,31,29,27,24,22,20,19,17,15,12,10,8,8,6,4,1,30,28,25,25,23,21,18
20,18,18,16,14,11,9,7,6,4,2,30,28,26,23,23,21,19,17,15,12,12,10,8,6,4,1,1,30,28,25,23,21,20,18,16,13,11,9,9,7,5,2,31,29,26,26,24,22,19
21,19,19,17,15,12,10,8,7,5,3,31,29,27,24,24,22,20,18,16,13,13,11,9,7,5,2,2,31,29,26,24,22,21,19,17,14,12,10,10,8,6,3,1,30,27,27,25,23,20
22,20,20,18,16,13,11,9,8,6,4,1,30,28,25,25,23,21,19,17,14,14,12,10,8,6,3,3,1,30,27,25,23,22,20,18,15,13,11,11,9,7,4,2,31,28,28,26,24,21
23,21,21,19,17,14,12,10,9,7,5,2,31,29,26,26,24,22,20,18,15,15,13,11,9,7,4,4,2,31,28,26,24,23,21,19,16,14,12,12,10,8,5,3,1,1,29,27,25,22
24,22,22,20,18,15,13,11,10,8,6,3,1,30,27,27,25,23,21,19,16,16,14,12,10,8,5,5,3,1,29,27,25,24,22,20,17,15,13,13,11,9,6,4,2,2,30,28,26,23
25,23,23,21,19,16,14,12,11,9,7,4,2,31,28,28,26,24,22,20,17,17,15,13,11,9,6,6,4,2,30,28,26,25,23,21,18,16,14,14,12,10,7,5,3,3,1,29,27,24
26,24,24,22,20,17,15,13,12,10,8,5,3,1,1,29,27,25,23,21,18,18,16,14,12,10,7,7,5,3,1,29,27,26,24,22,19,17,15,15,13,11,8,6,4,4,2,30,28,25
27,25,25,23,21,18,16,14,13,11,9,6,4,2,2,30,28,26,24,22,19,19,17,15,13,11,8,8,6,4,2,30,28,27,25,23,20,18,16,16,14,12,9,7,5,5,3,1,29,26
